  3.6193300e-001  2.5394380e+000
  3.6323300e-001  2.5396270e+000
  3.7024700e-001  2.5426410e+000
  3.7496600e-001  2.5448040e+000
  3.8173700e-001  2.5493000e+000
  3.8366100e-001  2.5498220e+000
  3.8765600e-001  2.5523790e+000
  3.9526300e-001  2.5546410e+000
  4.0038700e-001  2.5571100e+000
  4.0129700e-001  2.5618140e+000
  4.0178500e-001  2.5628220e+000
  4.0580100e-001  2.5633120e+000
  4.0743700e-001  2.5635040e+000
  4.0912900e-001  2.5649610e+000
  4.1207100e-001  2.5651230e+000
  4.1629600e-001  2.5654090e+000
  4.1810000e-001  2.5691890e+000
  4.2027000e-001  2.5707500e+000
  4.2145200e-001  2.5722710e+000
  4.2478000e-001  2.5724070e+000
  4.2604500e-001  2.5727850e+000
  4.2848700e-001  2.5748880e+000
  4.2891300e-001  2.5751430e+000
  4.3086500e-001  2.5768810e+000
  4.3529300e-001  2.5794770e+000
  4.3775300e-001  2.5823810e+000
  4.3775800e-001  2.5843550e+000
  4.4628600e-001  2.5844670e+000
  4.5277600e-001  2.5893540e+000
  4.5668300e-001  2.5955200e+000
  4.5700800e-001  2.5968140e+000
  4.5939600e-001  2.5987100e+000
  4.6405600e-001  2.6000580e+000
  4.6498300e-001  2.6041760e+000
  4.6541800e-001  2.6044640e+000
  4.6710300e-001  2.6051950e+000
  4.6715600e-001  2.6064190e+000
  4.6837500e-001  2.6064910e+000
  4.7042300e-001  2.6069080e+000
  4.7051000e-001  2.6078510e+000
  4.7175600e-001  2.6080410e+000
  4.7541700e-001  2.6090220e+000
  4.7612500e-001  2.6099490e+000
  4.7613300e-001  2.6105080e+000
  4.7622500e-001  2.6109700e+000
  4.7788400e-001  2.6117280e+000
  4.7812600e-001  2.6128830e+000
  4.7945200e-001  2.6133540e+000
  4.8071900e-001  2.6136460e+000
  4.8209100e-001  2.6155080e+000
  4.8342800e-001  2.6161000e+000
  4.8369700e-001  2.6166970e+000
  4.8512200e-001  2.6175180e+000
  4.8563000e-001  2.6180760e+000
  4.8641800e-001  2.6186360e+000
  4.8677100e-001  2.6192600e+000
  4.8784400e-001  2.6193430e+000
  4.9055500e-001  2.6199150e+000
  4.9088300e-001  2.6224790e+000
  4.9153100e-001  2.6230500e+000
  4.9231800e-001  2.6231350e+000
  4.9293300e-001  2.6242090e+000
  4.9394100e-001  2.6242870e+000
  4.9476100e-001  2.6248750e+000
  4.9623800e-001  2.6269100e+000
  4.9692400e-001  2.6275710e+000
  4.9827200e-001  2.6279240e+000
  4.9895100e-001  2.6292160e+000
  5.0104200e-001  2.6292480e+000
  5.0144500e-001  2.6315580e+000
  5.0208000e-001  2.6318220e+000
  5.0291100e-001  2.6324240e+000
  5.0298100e-001  2.6324880e+000
  5.0361500e-001  2.6331540e+000
  5.0492100e-001  2.6344500e+000
  5.0643200e-001  2.6353590e+000
  5.0768000e-001  2.6366310e+000
  5.0777800e-001  2.6370460e+000
  5.0793100e-001  2.6374210e+000
  5.0898200e-001  2.6381710e+000
  5.1016800e-001  2.6390130e+000
  5.1224300e-001  2.6394410e+000
  5.1267300e-001  2.6411460e+000
  5.1346100e-001  2.6414200e+000
  5.1477600e-001  2.6430140e+000
  5.1624500e-001  2.6448230e+000
  5.1678700e-001  2.6452130e+000
  5.1829800e-001  2.6462460e+000
  5.2084500e-001  2.6488200e+000
  5.2301200e-001  2.6492240e+000
  5.2391400e-001  2.6511460e+000
  5.2472100e-001  2.6522840e+000
  5.2545500e-001  2.6524820e+000
  5.2645400e-001  2.6543600e+000
  5.2676700e-001  2.6544080e+000
  5.2817100e-001  2.6552360e+000
  5.2890400e-001  2.6560060e+000
  5.2988600e-001  2.6568650e+000
  5.3118900e-001  2.6585170e+000
  5.3257000e-001  2.6586140e+000
  5.3431400e-001  2.6589150e+000
  5.3546100e-001  2.6618510e+000
  5.3639300e-001  2.6628710e+000
  5.3679600e-001  2.6628870e+000
  5.3712200e-001  2.6637550e+000
  5.3771900e-001  2.6643080e+000
  5.3773900e-001  2.6650120e+000
  5.3838800e-001  2.6660950e+000
  5.3890800e-001  2.6671460e+000
  5.4048800e-001  2.6674110e+000
  5.4160600e-001  2.6685790e+000
  5.4301300e-001  2.6697440e+000
  5.4513300e-001  2.6699470e+000
  5.4658500e-001  2.6720050e+000
  5.4754000e-001  2.6750220e+000
  5.4812900e-001  2.6759760e+000
  5.5108300e-001  2.6764000e+000
  5.5182000e-001  2.6788110e+000
  5.5202700e-001  2.6789200e+000
  5.5419400e-001  2.6794920e+000
  5.5460900e-001  2.6800610e+000
  5.5461100e-001  2.6805500e+000
  5.5738000e-001  2.6840660e+000
  5.5938400e-001  2.6856640e+000
  5.6016700e-001  2.6861250e+000
  5.6170700e-001  2.6876730e+000
  5.6430200e-001  2.6895650e+000
  5.6447000e-001  2.6903860e+000
  5.6506800e-001  2.6924360e+000
  5.6640100e-001  2.6936910e+000
  5.6667500e-001  2.6951270e+000
  5.6789200e-001  2.6968570e+000
  5.6829700e-001  2.6978310e+000
  5.6951000e-001  2.6989350e+000
  5.7000800e-001  2.6994310e+000
  5.7066700e-001  2.6995050e+000
  5.7416700e-001  2.6998590e+000
  5.7646200e-001  2.7044660e+000
  5.7652000e-001  2.7050030e+000
  5.7667500e-001  2.7072680e+000
  5.8014700e-001  2.7084070e+000
  5.8352400e-001  2.7094340e+000
  5.8609200e-001  2.7164280e+000
  5.8824100e-001  2.7190570e+000
  5.9100900e-001  2.7197720e+000
  5.9163100e-001  2.7250280e+000
  5.9180300e-001  2.7259860e+000
  5.9332200e-001  2.7260780e+000
  5.9501700e-001  2.7284810e+000
  5.9949800e-001  2.7294320e+000
  5.9994300e-001  2.7331110e+000
  6.0005400e-001  2.7360340e+000
  6.0102500e-001  2.7365750e+000
  6.0148200e-001  2.7382260e+000
  6.0643100e-001  2.7382710e+000
  6.0654600e-001  2.7440750e+000
  6.0659400e-001  2.7449480e+000
  6.0706700e-001  2.7458450e+000
  6.0768200e-001  2.7460270e+000
  6.0779200e-001  2.7463670e+000
  6.0926000e-001  2.7485970e+000
  6.1342700e-001  2.7489850e+000
  6.1395000e-001  2.7552830e+000
  6.1421900e-001  2.7556520e+000
  6.1427200e-001  2.7564880e+000
  6.1457000e-001  2.7568950e+000
  6.1501400e-001  2.7585860e+000
  6.1583900e-001  2.7587380e+000
  6.1630300e-001  2.7592150e+000
  6.2038300e-001  2.7598610e+000
  6.2118900e-001  2.7653410e+000
  6.2128100e-001  2.7669980e+000
  6.2180100e-001  2.7670970e+000
  6.2258000e-001  2.7672690e+000
  6.2326700e-001  2.7688120e+000
  6.2408900e-001  2.7688960e+000
  6.2713400e-001  2.7689430e+000
  6.2729700e-001  2.7759070e+000
  6.2850100e-001  2.7781940e+000
  6.3014500e-001  2.7782690e+000
  6.3421100e-001  2.7799170e+000
  6.3916200e-001  2.7877530e+000
  6.3979500e-001  2.7962650e+000
  6.4033000e-001  2.7977160e+000
  6.4159100e-001  2.7981540e+000
  6.4502500e-001  2.7992470e+000
  6.4616900e-001  2.7995710e+000
  6.4695800e-001  2.8068870e+000
  6.4697300e-001  2.8078060e+000
  6.4708700e-001  2.8088870e+000
  6.4729400e-001  2.8090680e+000
  6.5106000e-001  2.8091520e+000
  6.5208500e-001  2.8098830e+000
  6.5250700e-001  2.8169320e+000
  6.5261700e-001  2.8177180e+000
  6.5389800e-001  2.8183740e+000
  6.5666400e-001  2.8194250e+000
  6.5812900e-001  2.8195740e+000
  6.5862100e-001  2.8265540e+000
  6.5948800e-001  2.8278950e+000
  6.6218000e-001  2.8286380e+000
  6.6218800e-001  2.8296700e+000
  6.6223800e-001  2.8324850e+000
  6.6307200e-001  2.8354160e+000
  6.6407000e-001  2.8360330e+000
  6.6735500e-001  2.8381100e+000
  6.6746400e-001  2.8392650e+000
  6.6865900e-001  2.8432610e+000
  6.6899500e-001  2.8439870e+000
  6.6953100e-001  2.8458030e+000
  6.6984800e-001  2.8473570e+000
  6.7076700e-001  2.8478520e+000
  6.7217400e-001  2.8483710e+000
  6.7251800e-001  2.8495990e+000
  6.7291400e-001  2.8535130e+000
  6.7414800e-001  2.8538530e+000
  6.7486300e-001  2.8566120e+000
  6.7547600e-001  2.8577690e+000
  6.7643900e-001  2.8579820e+000
  6.7703600e-001  2.8584890e+000
  6.7705100e-001  2.8597090e+000
  6.7740500e-001  2.8608700e+000
  6.7901600e-001  2.8648630e+000
  6.7935500e-001  2.8663790e+000
  6.7961000e-001  2.8675360e+000
  6.8074800e-001  2.8677980e+000
  6.8127200e-001  2.8681040e+000
  6.8168400e-001  2.8687540e+000
  6.8200200e-001  2.8699260e+000
  6.8247800e-001  2.8699430e+000
  6.8354700e-001  2.8740610e+000
  6.8368700e-001  2.8744240e+000
  6.8471500e-001  2.8750760e+000
  6.8483600e-001  2.8762380e+000
  6.8539800e-001  2.8777850e+000
  6.8604900e-001  2.8791120e+000
  6.8611400e-001  2.8792040e+000
  6.8627900e-001  2.8807750e+000
  6.8753800e-001  2.8816720e+000
  6.8760700e-001  2.8821910e+000
  6.8850700e-001  2.8842410e+000
  6.8892200e-001  2.8858810e+000
  6.8962800e-001  2.8865730e+000
  6.9043900e-001  2.8867970e+000
  6.9069900e-001  2.8886860e+000
  6.9102900e-001  2.8897760e+000
  6.9176600e-001  2.8909690e+000
  6.9287400e-001  2.8929130e+000
  6.9364600e-001  2.8947610e+000
  6.9513700e-001  2.8967730e+000
  6.9522200e-001  2.8979150e+000
  6.9524500e-001  2.9000490e+000
  6.9641400e-001  2.9013550e+000
  6.9660000e-001  2.9015310e+000
  6.9675200e-001  2.9040780e+000
  6.9798300e-001  2.9046220e+000
  7.0000100e-001  2.9066040e+000
  7.0058400e-001  2.9071150e+000
  7.0116500e-001  2.9104880e+000
  7.0199800e-001  2.9138980e+000
  7.0348400e-001  2.9169740e+000
  7.0381200e-001  2.9171010e+000
  7.0527100e-001  2.9184950e+000
  7.0567900e-001  2.9193610e+000
  7.0813600e-001  2.9240570e+000
  7.0863500e-001  2.9269600e+000
  7.1029600e-001  2.9287360e+000
  7.1057400e-001  2.9324470e+000
  7.1071400e-001  2.9335030e+000
  7.1203400e-001  2.9369320e+000
  7.1390500e-001  2.9380000e+000
  7.1520400e-001  2.9396220e+000
  7.1724100e-001  2.9456780e+000
  7.1916700e-001  2.9493420e+000
  7.1920900e-001  2.9540620e+000
  7.1942400e-001  2.9550170e+000
  7.1984500e-001  2.9550790e+000
  7.2363200e-001  2.9552490e+000
  7.2383000e-001  2.9644270e+000
  7.2411500e-001  2.9650560e+000
  7.2677200e-001  2.9665580e+000
  7.2709800e-001  2.9685030e+000
  7.2828300e-001  2.9717870e+000
  7.2905600e-001  2.9736150e+000
  7.3042200e-001  2.9770790e+000
  7.3063500e-001  2.9792430e+000
  7.3289300e-001  2.9792690e+000
  7.3330400e-001  2.9847400e+000
  7.3436200e-001  2.9871250e+000
  7.3606400e-001  2.9935990e+000
  7.3618000e-001  2.9936890e+000
  7.3709600e-001  2.9965590e+000
  7.3724900e-001  2.9978130e+000
  7.3820100e-001  2.9994970e+000
  7.3919200e-001  3.0046350e+000
  7.4032500e-001  3.0053300e+000
  7.4100900e-001  3.0063370e+000
  7.4156900e-001  3.0080150e+000
  7.4206300e-001  3.0099160e+000
  7.4292800e-001  3.0142460e+000
  7.4368400e-001  3.0147020e+000
  7.4613200e-001  3.0163450e+000
  7.4682600e-001  3.0208400e+000
  7.4700200e-001  3.0266890e+000
  7.5019800e-001  3.0268510e+000
  7.5102500e-001  3.0340760e+000
  7.5273500e-001  3.0368020e+000
  7.5362300e-001  3.0372480e+000
  7.5563000e-001  3.0431390e+000
  7.5714600e-001  3.0481720e+000
  7.5799700e-001  3.0521170e+000
  7.5987400e-001  3.0535330e+000
  7.6201300e-001  3.0605010e+000
  7.6409000e-001  3.0646050e+000
  7.6507000e-001  3.0704940e+000
  7.6756100e-001  3.0766040e+000
  7.6837100e-001  3.0830890e+000
  7.7074400e-001  3.0895230e+000
  7.7217100e-001  3.0963530e+000
  7.7397700e-001  3.0999750e+000
  7.7453800e-001  3.1028980e+000
  7.7553600e-001  3.1048350e+000
  7.7559000e-001  3.1078960e+000
  7.7662000e-001  3.1129010e+000
  7.7801000e-001  3.1161850e+000
  7.7863200e-001  3.1163570e+000
  7.7947700e-001  3.1242550e+000
  7.8100200e-001  3.1276090e+000
  7.8192700e-001  3.1293130e+000
  7.8230000e-001  3.1404390e+000
  7.8336400e-001  3.1439410e+000
  7.8402900e-001  3.1459040e+000
  7.8416700e-001  3.1475200e+000
  7.8487700e-001  3.1479260e+000
  7.8516100e-001  3.1516510e+000
  7.8582600e-001  3.1526730e+000
  7.8583600e-001  3.1527730e+000
  7.8618600e-001  3.1540810e+000
  7.8755200e-001  3.1548610e+000
  7.8844800e-001  3.1631360e+000
  7.8919700e-001  3.1655370e+000
  7.9007300e-001  3.1680430e+000
  7.9026800e-001  3.1727330e+000
  7.9311300e-001  3.1753930e+000
  7.9346300e-001  3.1871490e+000
  7.9348500e-001  3.1874600e+000
  7.9515600e-001  3.1878160e+000
  7.9701800e-001  3.1962430e+000
  7.9876300e-001  3.2010620e+000
  7.9913600e-001  3.2041550e+000
  8.0000100e-001  3.2089910e+000
  8.0041200e-001  3.2151470e+000
  8.0113300e-001  3.2164060e+000
  8.0218500e-001  3.2177440e+000
  8.0283100e-001  3.2282030e+000
  8.0505900e-001  3.2295290e+000
  8.0709200e-001  3.2378930e+000
  8.0809900e-001  3.2466530e+000
  8.0902800e-001  3.2474770e+000
  8.0913900e-001  3.2542790e+000
  8.1013600e-001  3.2555560e+000
  8.1053200e-001  3.2583150e+000
  8.1072900e-001  3.2632800e+000
  8.1128700e-001  3.2647180e+000
  8.1207600e-001  3.2656030e+000
  8.1216000e-001  3.2661690e+000
  8.1262800e-001  3.2714820e+000
  8.1301700e-001  3.2731690e+000
  8.1357100e-001  3.2737720e+000
  8.1521700e-001  3.2798280e+000
  8.1558800e-001  3.2872560e+000
  8.1608900e-001  3.2880760e+000
  8.1710000e-001  3.2938170e+000
  8.1724800e-001  3.2961850e+000
  8.1900900e-001  3.3033490e+000
  8.1919100e-001  3.3075660e+000
  8.2080500e-001  3.3133600e+000
  8.2246200e-001  3.3191470e+000
  8.2361400e-001  3.3257410e+000
  8.2460400e-001  3.3337850e+000
  8.2570600e-001  3.3409820e+000
  8.2590100e-001  3.3504460e+000
  8.2748200e-001  3.3520810e+000
  8.2880700e-001  3.3577160e+000
  8.2925700e-001  3.3624400e+000
  8.3011400e-001  3.3734750e+000
  8.3025000e-001  3.3755560e+000
  8.3163000e-001  3.3793030e+000
  8.3267800e-001  3.3855270e+000
  8.3289000e-001  3.3957690e+000
  8.3722800e-001  3.4007430e+000
  8.3854400e-001  3.4100210e+000
  8.3859700e-001  3.4266230e+000
  8.4130000e-001  3.4344270e+000
  8.4145700e-001  3.4352760e+000
  8.4404300e-001  3.4554770e+000
  8.4479800e-001  3.4797250e+000
  8.4487100e-001  3.4810100e+000
  8.4868700e-001  3.4894020e+000
  8.5059400e-001  3.5212120e+000
  8.5244600e-001  3.5397690e+000
  8.5281500e-001  3.5664990e+000
  8.5303200e-001  3.5696750e+000
  8.5423500e-001  3.5725100e+000
  8.5552900e-001  3.5728870e+000
  8.5854200e-001  3.5860540e+000
  8.5908800e-001  3.6083940e+000
  8.6069800e-001  3.6087660e+000
  8.6251600e-001  3.6329210e+000
  8.6378400e-001  3.6500940e+000
  8.6476900e-001  3.6688970e+000
  8.6516800e-001  3.6739430e+000
  8.6641400e-001  3.6790190e+000
  8.6656500e-001  3.6844250e+000
  8.6744300e-001  3.6972100e+000
  8.6774600e-001  3.7058260e+000
  8.6824900e-001  3.7090690e+000
  8.6902400e-001  3.7197600e+000
  8.7015700e-001  3.7315350e+000
  8.7075900e-001  3.7366240e+000
  8.7107300e-001  3.7593650e+000
  8.7126100e-001  3.7678280e+000
  8.7235600e-001  3.7712400e+000
  8.7404700e-001  3.7883670e+000
  8.7421000e-001  3.8051500e+000
  8.7506300e-001  3.8103450e+000
  8.7576700e-001  3.8182110e+000
  8.7600000e-001  3.8200190e+000
  8.7702800e-001  3.8333480e+000
  8.7811300e-001  3.8463760e+000
  8.7913800e-001  3.8598580e+000
  8.7941600e-001  3.8639090e+000
  8.8013000e-001  3.8681260e+000
  8.8108800e-001  3.8734850e+000
  8.8206900e-001  3.8914090e+000
  8.8246200e-001  3.9129900e+000
  8.8310700e-001  3.9159370e+000
  8.8401000e-001  3.9233050e+000
  8.8506800e-001  3.9355590e+000
  8.8534800e-001  3.9459840e+000
  8.8613000e-001  3.9575320e+000
  8.8706000e-001  3.9646870e+000
  8.8814100e-001  3.9888970e+000
  8.8857000e-001  3.9945710e+000
  8.8864000e-001  3.9959570e+000
  8.9048000e-001  4.0177440e+000
  8.9063300e-001  4.0322770e+000
  8.9161800e-001  4.0414230e+000
  8.9282400e-001  4.0669100e+000
  8.9316100e-001  4.0909410e+000
  8.9334600e-001  4.0929000e+000
  8.9362000e-001  4.0931820e+000
  8.9444700e-001  4.0973660e+000
  8.9526800e-001  4.1136790e+000
  8.9554600e-001  4.1175830e+000
  8.9569600e-001  4.1445230e+000
  8.9653900e-001  4.1517700e+000
  8.9680100e-001  4.1613000e+000
  8.9780800e-001  4.1621190e+000
  8.9786400e-001  4.1805530e+000
  8.9804100e-001  4.1866500e+000
  8.9807600e-001  4.1910520e+000
  8.9850400e-001  4.1942250e+000
  8.9874300e-001  4.1988000e+000
  8.9945800e-001  4.2056590e+000
  8.9960700e-001  4.2204680e+000
  8.9969100e-001  4.2217120e+000
  9.0001600e-001  4.2220780e+000
  9.0028500e-001  4.2344100e+000
  9.0030500e-001  4.2396780e+000
  9.0054900e-001  4.2412860e+000
  9.0060700e-001  4.2445070e+000
  9.0114300e-001  4.2487130e+000
  9.0147800e-001  4.2510250e+000
  9.0221800e-001  4.2696190e+000
  9.0349300e-001  4.2850860e+000
  9.0391000e-001  4.3021180e+000
  9.0455600e-001  4.3029630e+000
  9.0581500e-001  4.3201130e+000
  9.0649800e-001  4.3487020e+000
  9.0690700e-001  4.3603130e+000
  9.0785700e-001  4.3822800e+000
  9.0834700e-001  4.4017480e+000
  9.0925300e-001  4.4150850e+000
  9.0987800e-001  4.4363660e+000
  9.1007200e-001  4.4376760e+000
  9.1039400e-001  4.4637040e+000
  9.1116100e-001  4.4792830e+000
  9.1173300e-001  4.4887450e+000
  9.1179200e-001  4.5067830e+000
  9.1187000e-001  4.5115370e+000
  9.1260000e-001  4.5270860e+000
  9.1290500e-001  4.5481790e+000
  9.1309800e-001  4.5555060e+000
  9.1367400e-001  4.5727980e+000
  9.1381600e-001  4.5880750e+000
  9.1437400e-001  4.5909450e+000
  9.1464700e-001  4.5911680e+000
  9.1486300e-001  4.6117590e+000
  9.1538800e-001  4.6203900e+000
  9.1539100e-001  4.6407880e+000
  9.1572100e-001  4.6421510e+000
  9.1634500e-001  4.6578480e+000
  9.1696600e-001  4.6754030e+000
  9.1712000e-001  4.6938600e+000
  9.1811800e-001  4.7068050e+000
  9.1827500e-001  4.7384950e+000
  9.1895300e-001  4.7482720e+000
  9.1895800e-001  4.7693990e+000
  9.1924900e-001  4.7867310e+000
  9.1980000e-001  4.7989540e+000
  9.1987700e-001  4.8203280e+000
  9.2026500e-001  4.8327840e+000
  9.2030200e-001  4.8804760e+000
  9.2108100e-001  4.9059810e+000
  9.2110600e-001  4.9228610e+000
  9.2139400e-001  4.9281500e+000
  9.2153500e-001  4.9436390e+000
  9.2155700e-001  4.9664820e+000
  9.2162500e-001  4.9700830e+000
  9.2204900e-001  5.0834010e+000
  9.2218800e-001  5.1093210e+000
  9.2307600e-001  5.1291730e+000
  9.2416200e-001  5.1663980e+000
  9.2463300e-001  5.2141170e+000
  9.2512900e-001  5.2256680e+000
  9.2545100e-001  5.2483710e+000
  9.2568700e-001  5.2646580e+000
  9.2597100e-001  5.2839230e+000
  9.2626100e-001  5.3093510e+000
  9.2641700e-001  5.3169600e+000
  9.2650500e-001  5.3402570e+000
  9.2710400e-001  5.3440420e+000
  9.2718000e-001  5.4034040e+000
  9.2730900e-001  5.4091880e+000
  9.2745300e-001  5.5955760e+000
  9.2770700e-001  5.6157860e+000
  9.2782400e-001  5.6359750e+000
  9.2792300e-001  5.6438290e+000
  9.2795600e-001  5.6658070e+000
  9.2820700e-001  5.6709110e+000
  9.2829000e-001  5.7538790e+000
  9.2892800e-001  5.7615470e+000
  9.2924300e-001  5.7706870e+000
  9.2964500e-001  5.7885450e+000
  9.2971500e-001  5.8139620e+000
  9.3014900e-001  5.8165460e+000
  9.3019300e-001  5.8404460e+000
  9.3030200e-001  5.8507500e+000
  9.3032700e-001  5.8628580e+000
  9.3056300e-001  5.8660830e+000
  9.3087300e-001  5.8830670e+000
  9.3122900e-001  5.9153760e+000
  9.3137800e-001  5.9362550e+000
  9.3148900e-001  5.9465550e+000
  9.3181300e-001  5.9690740e+000
  9.3184600e-001  5.9917350e+000
  9.3189400e-001  5.9928780e+000
  9.3219700e-001  6.0369510e+000
  9.3232000e-001  6.0405740e+000
  9.3233200e-001  1.1328881e+001
  9.3256600e-001  1.1360517e+001
  9.3281800e-001  1.1381664e+001
  9.3330400e-001  1.1385280e+001
  9.3430600e-001  1.1514622e+001
  9.3479000e-001  1.1533522e+001
  9.3532700e-001  1.1540830e+001
  9.3593900e-001  1.1563558e+001
  9.3603200e-001  1.1591628e+001
  9.3779500e-001  1.1610860e+001
  9.3851300e-001  1.1628244e+001
  9.3880700e-001  1.1651452e+001
  9.3909600e-001  1.1659208e+001
  9.3911100e-001  1.1679622e+001
  9.3945300e-001  1.1700936e+001
  9.3987200e-001  1.1714904e+001
  9.4012500e-001  1.1738864e+001
  9.4044800e-001  1.1744286e+001
  9.4056000e-001  1.1899662e+001
  9.4068300e-001  1.1903846e+001
  9.4076900e-001  1.1940830e+001
  9.4098600e-001  1.1943284e+001
  9.4108700e-001  1.1966142e+001
  9.4114000e-001  1.1974798e+001
  9.4129800e-001  1.2843107e+001
  9.4152500e-001  1.2860490e+001
  9.4205700e-001  1.2876887e+001
  9.4249400e-001  1.2900667e+001
  9.4272100e-001  1.2926576e+001
  9.4294100e-001  1.2936242e+001
  9.4427500e-001  1.2972506e+001
  9.4427900e-001  1.2973662e+001
  9.4466600e-001  1.2999862e+001
  9.4494000e-001  1.3020748e+001
  9.4510000e-001  1.3037452e+001
  9.4531900e-001  1.3052074e+001
  9.4616300e-001  1.3073056e+001
  9.4624800e-001  1.3102082e+001
  9.4626800e-001  1.3106462e+001
  9.4648500e-001  1.3141362e+001
  9.4685500e-001  1.3160628e+001
  9.4696000e-001  1.3168786e+001
  9.4747700e-001  1.3300710e+001
  9.4747800e-001  1.4413226e+001
  9.4784500e-001  1.4425099e+001
  9.4795200e-001  1.4436798e+001
  9.4815800e-001  1.4437396e+001
  9.4821000e-001  1.4451094e+001
  9.4849400e-001  1.4452823e+001
  9.4863300e-001  1.4473777e+001
  9.4864600e-001  1.4478772e+001
  9.4880200e-001  1.4485163e+001
  9.4898700e-001  1.4493158e+001
  9.4922300e-001  1.4494001e+001
  9.4936000e-001  1.4552644e+001
  9.4986100e-001  1.4560011e+001
  9.4990100e-001  1.4564064e+001
  9.5008000e-001  1.4572099e+001
  9.5047500e-001  1.4582737e+001
  9.5056400e-001  1.4612807e+001
  9.5057800e-001  1.4775153e+001
  9.5068200e-001  1.4782069e+001
  9.5083700e-001  1.4787186e+001
  9.5096200e-001  1.4790198e+001
  9.5112700e-001  1.4803548e+001
  9.5123700e-001  1.4818628e+001
  9.5134000e-001  1.4825544e+001
  9.5139600e-001  1.4829742e+001
  9.5191800e-001  1.4835946e+001
  9.5192200e-001  1.6920820e+001
  9.5225400e-001  1.6933188e+001
  9.5245600e-001  1.6946762e+001
  9.5247300e-001  1.6960062e+001
  9.5304200e-001  1.6999050e+001
  9.5313600e-001  1.7084074e+001
  9.5323900e-001  1.7156628e+001
  9.5363000e-001  1.7180498e+001
  9.5380900e-001  1.7808944e+001
  9.5416100e-001  1.7827504e+001
  9.5453600e-001  1.7853280e+001
  9.5532100e-001  1.7871086e+001
  9.5574000e-001  1.7899364e+001
  9.5605300e-001  1.7930316e+001
  9.5639600e-001  1.7935674e+001
  9.5648600e-001  1.7959028e+001
  9.5658600e-001  1.7983200e+001
  9.5712500e-001  1.8006246e+001
  9.5738400e-001  1.8052568e+001
  9.5742000e-001  1.8109456e+001
  9.5781100e-001  1.8140272e+001
  9.5799600e-001  1.8159362e+001
  9.5818100e-001  1.8183848e+001
  9.5841800e-001  1.8271042e+001
  9.5871800e-001  1.8283014e+001
  9.5908700e-001  1.8296536e+001
  9.5917400e-001  1.8519472e+001
  9.5920500e-001  1.8519570e+001
  9.5921500e-001  1.8556738e+001
  9.5950400e-001  1.8558330e+001
  9.5954200e-001  2.1486728e+001
  9.5956200e-001  2.1495712e+001
  9.5957500e-001  2.1501156e+001
  9.5967200e-001  2.1516910e+001
  9.5972000e-001  2.1528214e+001
  9.5972700e-001  2.1530692e+001
  9.5974400e-001  2.1539554e+001
  9.5977500e-001  2.1541998e+001
  9.5986900e-001  2.1550744e+001
  9.5989500e-001  2.1559638e+001
  9.5998900e-001  2.1568386e+001
  9.6000700e-001  2.1577298e+001
  9.6010500e-001  2.1587098e+001
  9.6017800e-001  2.1596482e+001
  9.6020800e-001  2.1601788e+001
  9.6023500e-001  2.1605472e+001
  9.6028400e-001  2.1616776e+001
  9.6037700e-001  2.1625522e+001
  9.6038000e-001  2.1632530e+001
  9.6047400e-001  2.1641278e+001
  9.6050000e-001  2.1646130e+001
  9.6059200e-001  2.1654282e+001
  9.6060700e-001  2.1662214e+001
  9.6073200e-001  2.1667390e+001
  9.6073600e-001  2.1674928e+001
  9.6073900e-001  2.1681936e+001
  9.6083300e-001  2.1690684e+001
  9.6087200e-001  2.1694874e+001
  9.6089900e-001  2.1707218e+001
  9.6090500e-001  2.1709012e+001
  9.6096100e-001  2.1720078e+001
  9.6103900e-001  2.1721884e+001
  9.6109500e-001  2.1733826e+001
  9.6109600e-001  2.1737712e+001
  9.6115400e-001  2.1743940e+001
  9.6119000e-001  2.1749136e+001
  9.6126600e-001  2.1757748e+001
  9.6128500e-001  2.1766732e+001
  9.6134300e-001  2.1770384e+001
  9.6135600e-001  2.1782020e+001
  9.6144900e-001  2.1784582e+001
  9.6146800e-001  2.1791264e+001
  9.6150400e-001  2.1799420e+001
  9.6162500e-001  2.1807154e+001
  9.6170000e-001  2.1819196e+001
  9.6170200e-001  2.1819790e+001
  9.6176600e-001  2.1827206e+001
  9.6178400e-001  2.1835594e+001
  9.6189000e-001  2.1847392e+001
  9.6191000e-001  2.1856376e+001
  9.6195100e-001  2.1859678e+001
  9.6198100e-001  2.1876158e+001
  9.6198700e-001  2.1877952e+001
  9.6199400e-001  2.1885142e+001
  9.6213500e-001  2.1893724e+001
  9.6214500e-001  2.1908284e+001
  9.6219200e-001  2.1915836e+001
  9.6228900e-001  2.1931804e+001
  9.6239000e-001  2.1937518e+001
  9.6246000e-001  2.1946264e+001
  9.6248000e-001  2.1955248e+001
  9.6249500e-001  2.1976202e+001
  9.6255200e-001  2.1982430e+001
  9.6256000e-001  2.1985774e+001
  9.6263600e-001  2.1996254e+001
  9.6264300e-001  2.1999002e+001
  9.6271800e-001  2.2012078e+001
  9.6278200e-001  2.2016272e+001
  9.6279800e-001  2.2020826e+001
  9.6286800e-001  2.2026814e+001
  9.6288700e-001  2.2043414e+001
  9.6289900e-001  2.2045692e+001
  9.6310700e-001  2.2059336e+001
  9.6311400e-001  2.2070606e+001
  9.6312300e-001  2.2096608e+001
  9.6319700e-001  2.2104558e+001
  9.6333100e-001  2.2116410e+001
  9.6339000e-001  2.2122198e+001
  9.6342200e-001  2.2138648e+001
  9.6350700e-001  2.2142196e+001
  9.6352300e-001  2.2149374e+001
  9.6358400e-001  2.2154832e+001
  9.6363000e-001  2.2173236e+001
  9.6371400e-001  2.2176782e+001
  9.6395000e-001  2.2203490e+001
  9.6402600e-001  2.2211270e+001
  9.6404600e-001  2.2220254e+001
  9.6407000e-001  2.2273088e+001
  9.6413500e-001  2.2285522e+001
  9.6433900e-001  2.2300408e+001
  9.6440700e-001  2.2307042e+001
  9.6442600e-001  2.2316026e+001
  9.6447600e-001  2.2317290e+001
  9.6449700e-001  2.2326868e+001
  9.6450200e-001  2.2328066e+001
  9.6457000e-001  2.2352130e+001
  9.6463400e-001  2.2359324e+001
  9.6464800e-001  2.2365362e+001
  9.6472400e-001  2.2379152e+001
  9.6473200e-001  2.2381540e+001
  9.6480500e-001  2.2433452e+001
  9.6492700e-001  2.2438770e+001
  9.6494000e-001  2.2457222e+001
  9.6499400e-001  2.2465658e+001
  9.6506500e-001  2.2486614e+001
  9.6515300e-001  2.2487690e+001
  9.6521700e-001  2.2503162e+001
  9.6522400e-001  2.2505256e+001
  9.6527900e-001  2.2513692e+001
  9.6536900e-001  2.2527584e+001
  9.6542400e-001  2.2536020e+001
  9.6543100e-001  2.2538114e+001
  9.6543400e-001  2.2600428e+001
  9.6545200e-001  2.2607116e+001
  9.6553100e-001  2.2616184e+001
  9.6558400e-001  2.2625960e+001
  9.6563500e-001  2.2634046e+001
  9.6570500e-001  2.2645522e+001
  9.6575100e-001  2.2652840e+001
  9.6581300e-001  2.2668480e+001
  9.6586900e-001  2.2677146e+001
  9.6595500e-001  2.2685700e+001
  9.6629300e-001  2.2698150e+001
  9.6639900e-001  2.2772136e+001
  9.6646600e-001  2.2785520e+001
  9.6649700e-001  2.2798496e+001
  9.6656300e-001  2.2801276e+001
  9.6661800e-001  2.2809942e+001
  9.6687100e-001  2.2811476e+001
  9.6687200e-001  2.2829952e+001
  9.6706900e-001  2.2880514e+001
  9.6719400e-001  2.2905568e+001
  9.6726500e-001  2.2955280e+001
  9.6731000e-001  2.2978314e+001
  9.6731100e-001  2.2981150e+001
  9.6734700e-001  2.3001900e+001
  9.6739400e-001  2.3009450e+001
  9.6740800e-001  2.3020366e+001
  9.6746500e-001  2.3034424e+001
  9.6753500e-001  2.3040412e+001
  9.6758100e-001  2.3049518e+001
  9.6758900e-001  2.3051906e+001
  9.6765300e-001  2.3061588e+001
  9.6765900e-001  2.3063382e+001
  9.6766600e-001  2.3093482e+001
  9.6771300e-001  2.3101032e+001
  9.6771600e-001  2.3111212e+001
  9.6773200e-001  2.3117052e+001
  9.6779300e-001  2.3126366e+001
  9.6780100e-001  2.3135680e+001
  9.6787600e-001  2.3140356e+001
  9.6789400e-001  2.3150382e+001
  9.6789800e-001  2.3151434e+001
  9.6795800e-001  2.3159864e+001
  9.6798800e-001  2.3164176e+001
  9.6804500e-001  2.3181882e+001
  9.6804900e-001  2.3182934e+001
  9.6808900e-001  2.3192620e+001
  9.6809900e-001  2.3196700e+001
  9.6810400e-001  2.3206822e+001
  9.6817500e-001  2.3218296e+001
  9.6836700e-001  2.3243536e+001
  9.6846400e-001  2.3259292e+001
  9.6848900e-001  2.3274320e+001
  9.6870700e-001  2.3327198e+001
  9.6873200e-001  2.3351696e+001
  9.6879300e-001  2.3354746e+001
  9.6882000e-001  2.3362808e+001
  9.6890000e-001  2.3391868e+001
  9.6891400e-001  2.3391870e+001
  9.6893900e-001  2.3403442e+001
  9.6899700e-001  2.3407624e+001
  9.6903600e-001  2.3419196e+001
  9.6905900e-001  2.3433796e+001
  9.6911600e-001  2.3440926e+001
  9.6914700e-001  2.3444908e+001
  9.6919700e-001  2.3450998e+001
  9.6922400e-001  2.3459058e+001
  9.6923300e-001  2.3470058e+001
  9.6928000e-001  2.3511740e+001
  9.6928700e-001  2.3516796e+001
  9.6937100e-001  2.3535192e+001
  9.6939500e-001  2.3668506e+001
  9.6940000e-001  2.3669590e+001
  9.6958600e-001  2.3679614e+001
  9.6959700e-001  2.3684384e+001
  9.6962200e-001  2.3707176e+001
  9.6963400e-001  2.3712602e+001
  9.6964500e-001  2.3717372e+001
  9.6966600e-001  2.3727084e+001
  9.6969200e-001  2.3733304e+001
  9.6970300e-001  2.3738074e+001
  9.6972400e-001  2.3747786e+001
  9.6973500e-001  2.3752558e+001
  9.6975100e-001  2.3773332e+001
  9.6975400e-001  2.3898272e+001
  9.6976700e-001  2.3905880e+001
  9.6980900e-001  2.3913612e+001
  9.6981400e-001  2.3923904e+001
  9.6982500e-001  2.3929330e+001
  9.6989400e-001  2.3937970e+001
  9.6990600e-001  2.3945578e+001
  9.6995000e-001  2.3956146e+001
  9.6995300e-001  2.3961508e+001
  9.7010400e-001  2.3969050e+001
  9.7017900e-001  2.4760890e+001
  9.7019100e-001  2.4767692e+001
  9.7019200e-001  2.4788874e+001
  9.7031500e-001  2.4818652e+001
